3,2
3,1
3,3
50,4
50,3
50,2
50,1
50,0
49,3
49,2
49,1
10,194
49,0
10,218
48,3
10,84
48,2
48,1
10,8
48,0
10,288
47,5
10,270
47,4
10,74
47,3
10,292
47,2
47,1
47,0
46,4
46,3
46,2
11,10
46,1
46,0
44,5
44,4
44,3
9,4
44,2
44,1
9,6
44,0
41,5
41,4
41,3
41,2
41,1
41,0
39,5
8,15
39,4
8,11
39,1
8,17
37,3
8,18
37,1
35,3
35,1
30,3
30,1
27,3
27,1
17,3
17,2
17,1
16,3
16,2
16,1
15,3
15,2
15,1
14,2
13,2
20,2
12,3
20,1
12,2
20,3
12,1
11,29
11,28
11,27
11,26
11,25
11,24
11,23
11,22
11,21
11,20
11,19
11,18
19,2
11,17
19,1
11,16
19,3
11,15
11,14
11,13
11,12
11,1
11,9
11,3
11,2
10,301
10,285
10,259
